128
0.87093 -0.514593 0.282872 2.24382 1.67729 0.761585 0.444546 1.26016 
-0.205556 -0.196338 1.53082 1.88019 0.784897 0.645514 0.392085 0.446618 
-0.773696 -0.134625 0.802289 0.990763 0.607233 0.3036 0.27682 0.659567 
0.407913 -0.0408924 3.78804 3.76614 0.392321 0.122092 0.12117 1.10195 
0.079766 0.369656 2.76566 2.62196 0.542216 0.485609 0.22438 0.475106 
-0.901781 0.0255594 5.54707 0.0519564 0.801278 0.707927 0.165649 0.356901 
-0.399535 0.00327164 1.35865 5.35747 0.369817 0.208524 0.119151 0.516625 
-0.329904 -0.0122994 5.96752 6.28319 0.249519 0.0988318 0.0898142 0.751786 
0.907088 0.0860563 2.47578 1.1836 0.489063 1.03639 0.146936 0.303844 
0.556374 -0.438343 4.06524 0.772224 0.503299 1.45996 0.230133 0.0970358 
-0.766345 -0.0903223 0.822597 1.6927 0.162609 0.254701 0.0318377 0.826407 
0.614859 0.57155 3.06156 0.181196 0.805912 0.487047 0.081333 0.246664 
0.936029 1 5.94315 2.15351 0.786141 0.38498 0.199437 0.860516 
1 -0.3917 3.10686 1.14741 1.29672 0.255615 0.108341 2 
0.59252 0.133605 4.36423 4.59738 0.517067 0.0613621 0.0376377 2 
-0.51577 0.0589019 3.78734 3.99718 0.343685 0.233841 0.105596 0.224633 
-0.804915 -0.31836 3.63727 4.46108 0.457171 0.0871905 0.0631564 0.735487 
-0.265478 -0.214224 1.89461 5.00328 0.188088 0.14577 0.0865276 0.750951 
0.770717 -0.635312 0.542993 -5.53667e-10 0.341118 0.760836 0.146816 0.191861 
0.308575 0.37553 1.38781 5.57225 0.381503 0.246908 0.176722 0.150481 
0.611187 -0.0172213 5.97009 0.403978 0.193138 0.046464 0.046464 0.940687 
0.228142 0.197105 3.10905 6.07516 0.250546 0.290732 0.125273 0.223528 
0.4822 -0.216316 2.03557 2.68836 0.428467 0.907089 0.142939 0.0996227 
0.637084 0.751595 0.219741 6.26077 0.272873 0.64389 0.0804862 0.270773 
-0.357834 0.0721488 2.17797 0.700329 0.381205 0.350011 0.15326 0.104355 
0.541393 0.0489985 0.628189 3.80706 0.109109 0.0428763 0.0205543 1.29196 
0.427087 -0.282503 1.39854 5.95168 0.381223 0.307498 0.189144 0.109267 
-0.21272 0.277507 0.582251 1.13827 0.350814 0.756701 0.139098 0.0799104 
0.0207756 0.951573 2.74657 4.24754 0.370307 1.29685 0.170626 0.0874552 
-0.809788 0.307648 6.27656 0.248904 0.491248 0.468005 0.206247 0.0560495 
-0.0298092 -0.128606 6.12155 0.775706 0.549794 0.213631 0.165717 0.0835794 
-0.408704 0.100819 4.4516 6.16314 0.194807 0.0811109 0.0427417 0.533544 
-0.542538 -0.292516 4.06118 -4.39946e-09 0.0592958 0.120301 0.0150376 0.713539 
-0.0926528 -0.0601452 1.79507 -2.3447e-10 0.420177 0.679272 0.210088 0.0276567 
-0.483163 1 4.66583 0.137034 2.66934 0.400161 0.292638 2 
-0.0967655 0.254125 0.241264 4.2132 0.158911 0.0700858 0.0561984 0.214702 
0.396383 0.0752805 -4.01721e-08 1.35513 0.166367 0.0233595 0.0233597 2 
-0.490147 -0.319241 1.10701 1.79759 0.212627 0.058727 0.0159878 2 
-0.148405 -0.0668011 2.38231 1.38064 0.161264 0.0453744 0.0320849 0.780967 
0.996044 -0.115651 0.175384 5.18484 4 0.46571 0.46571 0.0511592 
-0.44583 -0.0805938 1.34074 4.41079 0.194212 0.182788 0.0971059 0.212906 
0.495981 -0.185562 0.889335 0.698602 0.184229 0.185834 0.0730642 0.232543 
0.59812 0.11685 5.92225 6.28319 0.280168 0.410024 0.140084 0.106668 
-0.106597 -0.538137 3.74904 5.18842 0.603034 1.48609 0.296661 0.0286946 
0.335292 -0.0100975 3.74992 3.52463 0.103249 0.05567 0.0366907 0.66573 
-0.0605044 -0.208738 2.27945 1.57646 0.952857 0.0982983 0.0297768 1.81668 
0.358212 0.127753 3.52492 1.18548 0.189178 0.20508 0.0945888 0.0998797 
-1 0.0134951 4.81581 1.59953 0.328548 1.05177 0.164274 0.0307869 
-1 1 3.0113 1.90973 4 0.594171 0.190887 0.756968 
-1 -0.478325 1.48311 6.28319 0.297675 0.549326 0.0897895 0.171644 
0.779437 -0.134605 0.912477 1.19344 0.579037 0.0813807 0.0813807 0.165791 
1 0.747275 2.39827 4.51112 0.373832 0.774136 0.158194 0.0588857 
0.28358 -0.23415 3.69238 4.75101 1.83619 0.171491 0.0573809 0.584812 
0.774848 0.333836 3.11337 3.6417 0.0817382 0.286255 0.0357818 0.159753 
0.479408 0.160026 4.23123 3.91826 0.11171 0.0413256 0.0356461 0.402106 
-0.264479 0.00714532 3.0498 0.00353101 0.129653 0.0450531 0.0372188 0.356607 
-0.57157 -0.0948907 4.5081 1.30111 0.115477 0.135227 0.0437029 0.151038 
0.426243 0.0564725 3.20809 6.28319 0.0909015 0.0522982 0.0454508 0.558527 
-0.302369 -0.0224304 5.34508 0.403563 0.11975 0.0971935 0.0541706 0.319065 
1 -0.796739 1.7887 3.02423 1.6899 1.37877 0.172347 2 
-0.148256 0.00314574 1.58127 0.909249 0.137532 0.0412427 0.0412427 0.275055 
0.687066 -0.413938 3.13173 -1.69141e-10 0.210718 0.442834 0.105359 0.10561 
0.0856523 0.241061 2.94197 2.40255 0.185012 0.111339 0.0190581 0.199166 
-1 0.203453 4.47933 3.10023 0.240577 0.808577 0.106983 0.0384254 
-0.418569 -0.00457294 3.29837 1.54089 0.173908 0.173134 0.0791785 0.238831 
-0.907933 -0.407496 4.03401 3.61348 0.629157 1.08767 0.135959 0.0484931 
-0.390827 -0.148506 1.91219 6.28319 0.127126 0.157671 0.0471869 0.147934 
-0.20755 -0.216865 4.99423 6.28319 0.0882334 0.104528 0.0441167 0.216472 
-0.285104 -0.182171 0.268974 6.05368 0.0630898 0.0264712 0.0264712 0.805046 
0.750848 -0.377201 2.66028 3.7026 0.146636 0.143861 0.0512772 0.11834 
0.341387 0.131956 4.98113 1.7954 0.0962528 0.0334145 0.025767 0.694297 
0.324569 0.0517668 4.56762 -2.68064e-10 0.195599 0.135774 0.0609593 0.160092 
-0.510213 0.00892527 2.67387 2.76602 0.15765 0.0796103 0.0788249 0.348521 
0.970986 0.0397897 3.2331 1.50584 0.211245 0.09844 0.0150376 1.74425 
-0.100933 0.340331 1.28697 6.14332 0.243252 0.748075 0.0935094 0.0249158 
0.481747 0.504457 1.22441 6.28319 0.299821 0.0993512 0.0832981 0.19798 
-0.171584 0.0241849 2.67746 0.742485 0.0698817 0.0462651 0.034941 0.74298 
-0.770558 0.1729 3.87792 5.03729 0.214059 0.116673 0.0934286 0.10176 
-0.089188 -0.167395 1.80297 -2.02636e-11 0.114889 0.050551 0.050551 0.109244 
-1 0.0843458 0.884048 0.879831 0.288221 0.172855 0.144111 0.152158 
1 -0.286431 5.08108 5.83485 0.19049 0.40711 0.0952451 0.0618768 
0.21059 0.138119 3.15982 1.61995 1.26613 0.152296 0.0395667 0.699471 
0.273047 0.0837716 3.44709 -2.25521e-09 0.0765755 0.0337438 0.0229578 0.41312 
0.636302 -0.0223313 1.52623 -7.18085e-10 0.185795 0.0810648 0.0810648 0.235465 
-0.63664 0.091837 2.16723 3.58697 0.153605 0.118015 0.0594865 0.341696 
0.582567 0.155492 4.59124 5.06576 0.0752618 0.0455223 0.0150376 0.805095 
-0.460407 -0.390039 1.89741 5.48386 0.11576 0.463039 0.0578799 0.0523878 
-0.385767 0.124708 1.73499 -6.83862e-10 0.0966507 0.18168 0.0471145 0.213923 
1 0.195149 1.95134 3.17669 0.823578 0.804414 0.205128 0.00999907 
-0.462743 -0.126433 2.52111 1.03471 0.235523 0.942092 0.117761 0.0328004 
1 -0.291235 0.817502 6.13965 0.224567 0.838022 0.112283 0.0543273 
0.343711 -0.038541 0.648256 0.281455 0.121395 0.0854178 0.0182202 0.616864 
-0.882633 0.112225 5.76723 2.20227 0.243116 0.179333 0.121558 0.080057 
-0.59237 0.00491694 2.9119 -3.93256e-09 0.0833015 0.0292349 0.0292349 0.499681 
-0.442031 -0.433152 0.720315 -7.84459e-11 0.209665 0.0852484 0.0852484 0.106261 
0.607165 -0.164661 6.16344 -8.64776e-10 0.141235 0.0992491 0.0706174 0.105716 
-0.509159 0.0141136 5.48818 -3.41637e-09 0.0821279 0.0356044 0.0356044 0.687714 
0.153366 -1 5.53547 -9.74171e-11 0.248532 0.807384 0.124266 0.0393705 
0.361746 0.137539 5.55241 3.72342 0.197542 0.111616 0.0987711 0.104081 
-0.400482 0.0175323 3.59462 3.02656 0.0847996 0.0291348 0.0291348 1.17812 
0.669559 0.17795 3.5736 2.29251 0.141738 0.0880456 0.0708689 0.146861 
0.143374 0.155591 1.5943 0.830296 0.175876 0.56611 0.075508 0.0548591 
0.635418 -0.202859 0.768917 1.49315 0.176911 0.241143 0.0301429 0.15731 
-0.747372 -0.0632025 0.862491 -8.27083e-09 0.0741425 0.165909 0.02176 0.329547 
0.215482 0.10297 4.44793 2.81286 0.397099 0.53563 0.0979919 0.046427 
1 0.616511 1.82471 4.61806 0.24175 0.623508 0.120875 0.0658493 
0.478471 -0.0292496 0.624462 6.12276 0.149584 0.282292 0.0747919 0.054282 
-0.992406 0.142191 3.8809 4.88529 0.0807301 0.0482568 0.0150376 0.85779 
0.596181 -0.0550562 0.0847874 1.42119 0.052279 0.117622 0.0236826 0.268014 
0.58556 -0.193271 1.29184 4.87582 0.110319 0.109779 0.0334971 0.846371 
-0.343587 -0.13339 3.99565 3.86428 0.103521 0.0707724 0.0434602 0.351449 
0.597869 -0.108687 3.97432 1.61636 0.133677 0.285984 0.0649874 0.0775498 
0.733481 -0.18077 1.5683 1.1468 0.124182 0.0635388 0.0620912 0.161046 
-0.509047 -0.461967 3.11078 2.59116 0.110946 0.0367972 0.0150376 0.830727 
0.239586 0.699762 1.0168 4.49915 0.265464 0.127785 0.127785 0.874245 
0.464522 0.0963215 1.3351 -1.97429e-10 0.15251 0.558266 0.0762552 0.0454583 
-0.438857 -0.63752 1.90825 1.24286 3.65253 0.134096 0.134096 2 
-0.46057 -0.143059 2.85948 -3.12096e-09 0.120441 0.0602206 0.0602206 0.337697 
0.998743 -0.490312 1.12291 6.22776 0.205401 0.432202 0.1027 0.0880358 
0.984401 -0.959647 0.165033 1.54308 3.65722 0.527434 0.114288 1.09345 
-0.972212 -0.494656 3.17339 3.4604 0.101811 0.0276107 0.0276107 1.34082 
-1 -0.308446 3.83597 3.16009 0.0842873 0.195621 0.0421437 0.763232 
-0.529503 -0.0750556 4.31361 4.61646 0.58142 0.197555 0.11592 0.128626 
-1 -0.268094 3.81401 3.26811 0.052201 0.0584094 0.0162214 0.387151 
0.537063 -0.0217299 2.89797 -5.15448e-09 0.0589396 0.0228843 0.0228845 1.30604 
-0.857105 -0.00221506 0.760562 0.607295 0.0585625 0.138262 0.0172827 1.02797 
-0.828471 -0.257062 0.518862 6.28319 0.125009 0.0964407 0.0625046 0.212829 
-0.581782 0.0267127 6.28319 5.10394 0.236344 0.120713 0.118172 0.0947542 
