128
0.663769 -0.788799 0.187494 1.4199 1.57204 1.02902 0.233479 1.37376 
-0.251143 -0.0139662 2.89761 1.95624 1.13695 0.527675 0.186333 0.724801 
0.362551 -0.310379 1.56936 2.39792 0.431369 0.258548 0.124195 0.509384 
-0.26022 -0.17119 3.83156 0.888638 0.274651 0.383129 0.0612864 1.36116 
-0.302624 0.475604 4.52927 4.33498 3.68963 0.319566 0.115301 0.877391 
-0.157893 -1 0.704474 1.4749 0.762939 0.567123 0.267488 0.782055 
0.828066 0.399944 2.94481 1.40707 2.41745 0.183456 0.180105 1.63135 
0.719609 -0.69899 3.0268 0.37486 0.207654 0.535786 0.0669732 1.1655 
0.395568 0.0842947 3.42899 1.28611 0.406843 0.1973 0.179296 0.580116 
0.0754951 -0.306968 1.21066 3.24187 0.255108 0.33288 0.0642546 0.236956 
0.884803 1 2.16707 1.05888 0.288394 0.817658 0.120547 0.335487 
-0.682652 -0.0320119 2.63076 1.93777 0.39324 0.119084 0.063648 0.966527 
-1 0.320551 4.26762 1.91187 2.45605 0.353932 0.0767515 0.71347 
-0.979372 1 3.04234 3.864 0.528282 0.552559 0.264141 0.56789 
0.385424 -0.189261 6.243 5.83899 0.276919 0.100647 0.100647 0.50874 
-0.243144 -0.0539823 0.647521 1.44614 0.133134 0.10714 0.0133925 2 
0.74795 -0.201225 6.10974 1.56726 0.143941 0.200914 0.0707524 0.366878 
0.409466 0.483962 3.14816 3.50334 0.109644 0.117931 0.0285894 0.318598 
0.338647 0.304083 4.61555 4.21941 0.148205 0.0803315 0.0217692 0.761435 
-0.775155 -0.535723 2.67901 1.46909 0.554755 1.08856 0.13607 0.213328 
-0.27327 -0.0789437 0.433592 1.79646 0.320756 0.158052 0.0936943 0.504798 
-0.760459 -0.10956 5.18264 3.50652 0.20168 0.219109 0.0273887 0.379853 
0.59816 -0.467957 6.102 6.28319 0.602354 0.113252 0.0188236 0.347101 
1 -0.216267 4.49705 0.785771 1.04621 0.335867 0.254295 0.167432 
0.380653 -0.238137 0.717582 0.306378 0.457917 1.01291 0.228959 0.0675263 
0.500564 0.304259 3.61943 4.85918 0.0590718 0.158053 0.0197567 0.378363 
0.659919 0.56221 0.0441016 4.87013 1.01141 0.177016 0.0335181 2 
0.219815 -0.471926 0.571051 0.145154 0.100757 0.208613 0.0499768 0.119167 
-0.566247 0.264697 0.333122 0.669658 0.242355 0.201092 0.0861458 0.487601 
-0.639384 0.404588 3.27463 1.54644 0.163337 0.0542132 0.0133333 1.91442 
0.0229176 -0.949135 3.45218 3.52834 0.568378 0.203944 0.203944 2 
0.0146843 -0.201857 5.49622 1.62528 1.24476 0.070176 0.047434 2 
0.219243 -0.475235 0.758833 2.02904 0.606333 0.0418704 0.0189479 1.02221 
-0.366236 -0.490095 2.95747 4.70641 2.87219 0.13305 0.0972859 2 
0.808686 0.414842 -2.6987e-08 3.73484 0.0763546 0.143995 0.0240262 0.86159 
0.174989 0.149711 4.27452 2.87656 0.29807 0.336723 0.106247 0.0766562 
0.0754606 0.0346148 5.63224 5.46729 0.395765 0.247915 0.123855 0.0766566 
0.0872666 -0.349942 3.37622 0.278457 0.133937 0.138244 0.037423 0.219828 
-0.00925599 0.479615 2.17185 0.601467 0.213962 0.0966615 0.073459 0.303783 
0.371427 0.162168 1.33133 4.51703 0.654277 0.04605 0.0236241 2 
0.929182 -0.2023 0.296536 2.64869 0.303407 0.498892 0.137287 0.290407 
0.427555 0.584906 1.88479 5.89714 0.11815 0.0452606 0.0133333 2 
0.630887 -0.504189 2.76214 4.33727 0.323394 0.132339 0.130232 0.360843 
0.309973 0.300903 4.591 3.34585 0.120614 0.0745058 0.0416682 0.482429 
0.930151 0.0360879 3.39674 2.08056 0.088716 0.190962 0.0238702 0.560618 
0.626907 -3.26065e-05 3.31078 4.70456 0.67833 0.0818698 0.0211978 1.94487 
0.563673 -0.200644 4.30925 5.56646 0.110149 0.028141 0.0271419 0.987238 
0.618099 -0.305072 6.13438 4.62888 0.690344 0.0416132 0.0416132 2 
0.783539 -0.24914 6.22807 -9.15404e-10 0.0729001 0.200304 0.025038 0.660869 
0.431738 0.368314 3.32302 4.2096 0.348826 0.530356 0.0664208 0.191446 
-0.766509 -0.552514 3.03354 6.28319 0.134483 0.0695901 0.0380003 0.867217 
0.164076 -0.0517866 3.26681 1.40581 4 1.41738 0.179023 0.0838477 
-0.438648 0.0630859 3.86698 2.68627 0.178206 0.161253 0.0718402 1.17895 
-0.562141 -0.577471 3.92307 0.777804 0.190769 0.2304 0.0927567 0.290467 
0.227017 -0.147968 4.77815 3.07781 0.297069 0.280318 0.101435 0.116313 
0.0545337 0.550432 4.74505 1.88478 0.289307 0.0665971 0.0133333 1.47493 
0.467262 -0.269204 0.848699 1.74523 0.257435 0.0424761 0.0223453 2 
0.288349 -0.341689 5.50146 4.85852 0.613594 0.0288547 0.0202996 2 
-0.699292 0.131519 2.59568 2.62504 0.197253 0.128197 0.0936824 0.454107 
0.631199 0.597139 1.32092 6.20374 0.293825 0.989746 0.125545 0.0898681 
0.562532 -0.243771 1.93584 1.31781 0.272289 0.0218139 0.0218139 2 
-0.702428 0.254713 2.07858 6.28319 0.156866 0.146577 0.0762028 0.204359 
0.297214 0.283235 1.77203 1.38925 0.336528 0.187298 0.0722235 0.194687 
-0.872557 0.465211 2.60171 1.55522 0.263098 0.0370422 0.0370422 1.3553 
0.844349 0.632785 0.119448 -2.12691e-10 0.1378 0.0915876 0.0339841 0.526112 
0.157855 -0.268097 2.81857 6.28319 0.14081 0.0514187 0.0514188 0.948526 
0.196071 -0.306353 2.0091 1.30157 0.118245 0.0392142 0.031218 1.01724 
0.406319 -0.241167 3.82945 0.494166 0.421375 0.898391 0.209803 0.0451942 
0.580743 -0.329002 4.46909 6.28319 0.0537332 0.0604601 0.0173238 0.572458 
-0.919747 -0.165424 6.10269 3.89583 0.213501 0.203339 0.0758511 0.37408 
-0.743293 -0.13114 0.712501 5.11053 0.443996 0.819593 0.185713 0.101269 
0.308364 0.127566 4.635 3.47087 0.0674534 0.0156296 0.013831 1.06614 
-0.139893 0.10762 6.15544 -4.64215e-10 0.130822 0.235046 0.0529958 0.0761784 
-0.931003 -0.222937 3.51398 -1.92766e-09 0.224852 0.0659768 0.0659768 1.01925 
0.151803 -0.321692 1.35058 2.19285 0.127419 0.0872724 0.0431485 0.567447 
0.418879 0.30508 3.24911 0.16897 0.0830539 0.261938 0.0327423 0.171684 
-0.909821 0.431052 3.21005 1.14266 0.245215 0.108224 0.0155071 2 
-0.0900258 -0.239383 0.77325 6.28319 0.0333333 0.102933 0.0133333 0.553466 
-0.512704 0.0288169 1.2659 5.85602 0.190457 0.13642 0.0501996 0.306215 
0.12239 -0.212784 4.40073 1.10393 0.23671 0.0248831 0.0147842 2 
0.0580352 -0.451227 6.03123 1.2317 0.183576 0.175643 0.0901081 0.221966 
0.517054 0.267446 0.408819 1.21036 0.19561 0.196216 0.0417448 0.388627 
0.18241 -0.123998 4.17022 5.41642 0.332064 0.297062 0.156957 0.129427 
0.064496 -0.571511 2.3 6.28319 0.263296 1.05318 0.131648 0.0519077 
-0.226688 0.15129 3.09517 6.28319 0.0674016 0.100309 0.017345 0.581398 
0.0478292 0.550498 4.49851 1.44237 1.47474 0.069223 0.0463785 2 
-0.479435 0.270272 0.63645 6.2803 0.0749921 0.166758 0.0208447 1.14414 
0.990222 -0.010099 0.512561 5.17484 1.00851 0.132742 0.132742 0.514952 
-0.750363 -0.138672 2.79458 4.87596 0.454594 0.0414415 0.0414415 2 
0.570837 -0.231262 3.41666 -5.01307e-10 0.107362 0.0479233 0.0393985 0.398466 
0.191719 -0.375993 4.95997 4.26692 0.206994 0.0663066 0.0133333 1.4131 
-0.358483 0.233935 3.82583 4.57681 0.19701 0.265941 0.0923185 0.14491 
0.697679 -0.332002 3.47853 1.56384 0.632051 0.0749575 0.0749575 0.443965 
-0.411092 -0.536132 1.8142 1.55144 2.09683 0.430387 0.0655261 0.623284 
0.137923 0.309964 1.73598 2.96172 0.0727965 0.0328126 0.0133333 0.617135 
-0.0853673 -0.476076 3.81759 -1.85902e-09 0.0478296 0.129198 0.0167605 0.786477 
-0.695289 0.509872 1.96451 4.68107 1.15142 0.15219 0.0359818 1.73771 
-0.514714 -0.0937285 2.74809 5.34247 0.175854 0.144683 0.0510126 0.515302 
-0.787312 -0.296513 0.868117 -1.54221e-10 0.0980166 0.115452 0.0490083 0.515896 
0.459213 -0.207963 2.21798 1.9982 0.0670967 0.0137703 0.0137703 0.879028 
0.558579 -0.379289 1.09846 6.28319 0.118543 0.0869533 0.0332338 0.306897 
0.293346 0.338905 1.60907 0.465825 0.154134 0.0626012 0.0626012 0.418643 
0.431037 -0.237619 3.66313 -1.1115e-09 0.0639815 0.035379 0.0133333 0.460232 
0.411556 -0.0401519 3.09943 0.205535 0.130456 0.105929 0.0626203 0.393608 
0.405256 0.213752 3.00764 4.1694 0.239642 0.424328 0.0944076 0.0842046 
0.422863 0.595124 5.02882 1.71198 0.205362 0.0717451 0.0153453 2 
0.221348 0.354272 2.81766 1.24469 0.223613 0.142514 0.111806 0.0926747 
-0.596244 0.58394 2.30865 6.28319 0.071578 0.0397864 0.0209159 1.1152 
0.109333 0.207785 0.517373 4.18486 0.292181 0.254802 0.146091 0.0872129 
1 0.582012 4.67972 3.48046 0.349015 0.816007 0.174507 0.0922957 
0.430813 0.377785 3.84901 6.28319 0.13062 0.0793032 0.0437929 0.251035 
-0.00623021 0.884805 0.53913 6.07955 0.48645 0.223441 0.20968 0.353848 
-0.68109 0.174013 5.88574 0.0588853 0.133001 0.0300307 0.0299933 1.43157 
0.519217 0.118145 3.11793 1.18102 0.613658 0.698247 0.13697 0.0646703 
0.80929 0.0541621 3.06333 0.748724 0.120798 0.145085 0.0492622 0.796444 
0.0986785 -0.554589 2.87421 6.28319 0.116684 0.25362 0.0317026 0.149848 
-0.79065 0.787666 5.95415 0.863835 0.130436 0.222637 0.0402623 1.2265 
0.423459 -0.495039 3.1537 5.51631 0.251298 0.0877226 0.0877226 0.121508 
0.716769 -0.562348 2.84392 1.84329 0.0395896 0.106667 0.0133333 0.481296 
0.672281 -0.829421 -2.93431e-09 6.28319 0.138429 0.128188 0.0692146 2 
0.816207 0.482134 3.13659 4.34429 0.053323 0.10368 0.0133333 1.24496 
0.0650268 0.839461 3.53208 1.24797 0.236138 0.121216 0.118069 2 
-0.0579845 -0.423494 3.86065 4.59958 0.147959 0.142185 0.0576697 0.519234 
-0.824901 -0.34477 0.121754 6.28319 0.153578 0.055206 0.055206 0.6786 
0.846423 -0.48571 3.0343 6.28319 0.156665 0.257189 0.0321487 0.268886 
-0.0478508 -0.297242 3.96649 -1.95105e-09 0.0925643 0.155815 0.0194769 0.581574 
0.296256 0.10091 2.73876 5.68561 0.727942 0.0278841 0.0227477 0.206784 
1 -0.0922382 2.59838 3.59821 1.93382 1.49877 0.966909 0.000741444 
