128
0.0593375 -1 3.61806 1.70463 4 1.48064 0.711112 1.03098 
0.72576 0.380021 3.16161 1.90078 1.17843 0.683066 0.253118 1.20047 
-0.513769 0.0172727 5.78363 4.4195 1.16598 0.177983 0.177983 1.59307 
0.146115 -0.384691 1.03414 1.48088 0.768405 0.167023 0.167023 0.816647 
-0.107354 -0.204161 1.76317 4.78533 0.882295 0.330185 0.0547678 2 
-1 -0.800235 5.45555 4.55722 4 0.785227 0.521544 0.720654 
-0.614701 1 3.09452 0.0597853 0.585014 0.842759 0.131968 0.40736 
-0.101478 -0.402522 2.81987 0.408633 0.489484 0.495851 0.244742 0.26563 
-0.258721 -0.446135 4.18566 5.68225 0.405771 0.355171 0.202886 0.373128 
-0.104105 0.379485 1.6929 -5.25483e-10 0.27141 0.15448 0.120142 0.538371 
-0.172027 0.280648 1.38423 2.36817 0.781859 0.797858 0.362821 0.148311 
0.281376 -0.275401 2.19836 2.2265 0.43096 0.346657 0.21548 0.205841 
-0.31269 0.388198 5.88137 4.67348 0.557069 0.176693 0.0505695 2 
-0.373996 0.757159 3.94595 0.161807 0.46328 0.943589 0.23164 0.230372 
0.716638 0.256363 3.11218 5.66575 0.102474 0.220868 0.0276085 1.99948 
0.56745 -0.197062 3.06587 2.72322 0.1964 0.116403 0.0982002 0.711737 
0.343455 0.476751 3.13581 0.489129 0.358405 0.0895221 0.0895221 0.790795 
-0.772471 0.459816 0.233587 4.7567 0.355467 0.119799 0.0171298 2 
0.0499224 -0.144614 5.17677 4.85707 0.221264 0.113425 0.110082 0.430739 
0.724524 0.461565 2.77549 2.9117 0.730874 0.336615 0.140124 0.272013 
-0.457247 -0.219119 2.96212 1.69 0.354743 0.0939429 0.0939429 0.887762 
-0.222739 -0.396976 5.16695 2.96031 0.110595 0.0659961 0.0183412 1.16209 
-0.479737 -0.522156 5.15077 5.65205 0.390764 0.25148 0.195382 0.367134 
-0.114499 -0.051412 0.137733 1.8457 0.624878 0.150166 0.0195274 1.44776 
-0.0611583 0.791288 3.20585 2.01335 1.18228 0.171644 0.171644 2 
0.559214 -0.464887 -5.09557e-11 1.44103 0.595856 0.253725 0.253725 0.190347 
0.740652 -0.513817 3.1716 1.66031 2.90088 0.27937 0.0906524 1.55675 
-0.513093 -0.369064 0.631588 1.13899 0.164818 0.0824651 0.0824088 0.734433 
-0.254162 -0.530379 1.08711 4.21062 0.198545 0.0784826 0.00981032 0.794695 
-0.185875 -0.239067 3.99648 1.3283 0.253371 0.0199713 0.0147162 2 
-0.579985 -0.65214 3.52263 5.55472 0.894222 0.455922 0.447111 0.133727 
0.360411 -0.333274 1.95287 1.85963 0.221618 0.0425694 0.0144499 2 
0.417121 0.193464 3.46661 4.45886 0.246703 0.0561654 0.00857382 2 
-0.0839934 0.0800499 4.79165 3.10121 0.160324 0.0732674 0.0309691 1.03833 
-0.23568 0.0752861 1.50879 5.84873 0.291513 0.289376 0.145756 0.095324 
0.380268 -0.19623 2.29774 6.28319 0.285823 0.139588 0.139588 0.264249 
-0.515891 -0.100204 3.0395 5.49452 0.53269 0.0869099 0.0869099 0.864206 
-0.533524 0.0777932 2.21308 5.6025 0.360471 0.235877 0.139175 0.257742 
0.318646 -0.178177 4.70931 2.00793 0.254294 0.0467581 0.0462228 1.62519 
0.349695 0.466225 5.53646 1.02891 0.385132 0.666215 0.189069 0.155384 
0.204541 -0.300823 1.37102 5.95457 0.0708747 0.0783151 0.0339247 0.894607 
-0.196307 0.18452 1.23451 6.28319 0.275495 0.598832 0.137747 0.0752913 
0.276895 -0.462988 4.89221 1.83682 0.37956 0.281449 0.122532 0.132258 
0.100876 -0.159303 1.61556 2.82529 0.223778 0.202666 0.111888 0.324965 
0.146012 0.468275 1.04719 1.78227 0.825028 0.142732 0.0257821 1.75194 
0.585711 -0.182662 0.544012 -1.24905e-10 0.24597 0.266855 0.0650037 0.354735 
0.0455069 0.310695 4.15314 1.68582 0.420234 0.0406333 0.0146772 2 
0.575059 -0.127748 4.99228 0.0697179 0.287831 0.10703 0.0598508 0.456421 
0.742339 0.407436 3.14529 0.219067 0.089987 0.358436 0.0449935 0.65354 
-0.131066 0.221218 1.55411 3.40648 0.115591 0.0679938 0.0457452 0.985819 
-0.36784 -0.333479 1.49644 6.28319 0.241513 0.244793 0.10717 0.273603 
-0.105659 0.0534566 3.17309 2.02409 0.194047 0.109606 0.0850883 0.278331 
0.138546 -0.336184 4.32083 4.94851 1.15995 0.0810782 0.0362483 1.4189 
0.674807 -0.397058 6.22106 6.10004 0.115602 0.167654 0.0220221 1.55352 
-0.930904 -0.9318 5.99189 0.221616 0.321536 0.859816 0.114996 0.196999 
-0.904293 -0.765126 2.51604 5.98177 0.237472 0.593315 0.0783988 0.392894 
0.125026 0.566506 5.12397 4.3983 0.225066 0.537676 0.112533 0.114294 
0.564087 0.27239 4.36594 4.6966 1.26759 0.143347 0.0396122 0.969959 
0.235749 -0.273244 4.49349 6.28319 0.0830088 0.0939163 0.0415044 0.502403 
-0.328102 -0.430411 1.47189 1.97712 0.250648 0.0285367 0.0106487 2 
-0.399936 0.228551 2.74234 1.57006 0.24075 0.100423 0.0128081 2 
-0.121768 0.475833 1.72699 0.082152 0.241409 0.107518 0.0582864 0.542325 
-0.292664 0.512766 5.6333 6.28319 0.196445 0.108752 0.0791926 0.429808 
0.502805 0.0804871 0.655602 -1.39582e-09 0.187626 0.115698 0.0389335 0.854038 
0.312082 0.329739 6.21383 0.249304 0.370323 0.11647 0.11647 0.226678 
0.401539 0.406664 5.8238 5.02516 0.326595 0.0478604 0.0172658 2 
0.459419 0.17895 3.09109 1.77344 0.191577 0.0429892 0.0224974 2 
0.2 0.443401 1.04572 1.52909 0.339669 0.0745523 0.0106146 1.87094 
-0.416739 -0.683292 0.638815 6.28319 0.223045 0.268792 0.0810015 0.590486 
0.487087 0.235022 1.84544 -3.0791e-09 0.116438 0.023184 0.023184 1.11473 
0.146413 -0.209613 1.08962 2.04148 0.0466618 0.032831 0.016029 0.600687 
0.761404 0.218784 6.23034 2.62007 0.0567199 0.226883 0.0283603 0.89809 
0.0971131 -0.31238 1.12877 5.10882 0.504492 0.0266609 0.0157654 1.51466 
-0.43953 -0.451588 1.53242 5.54047 0.25205 0.193409 0.0508544 0.332814 
0.746026 -0.500519 3.08279 6.28319 0.0419338 0.167735 0.0209669 0.483161 
0.475936 0.605796 2.81346 5.31711 0.272611 0.0813084 0.0270737 2 
-0.455873 -0.0183255 3.0261 2.65307 0.0634596 0.122783 0.0153478 0.554456 
-0.277828 -0.345713 4.50688 4.78766 0.644837 0.0712503 0.0259346 2 
0.693965 -0.42359 6.21124 5.23503 0.0681573 0.204986 0.0340787 0.704267 
0.941847 1 5.17508 0.348198 0.381671 1.1971 0.189091 0.142193 
-0.727588 0.474668 3.45193 6.28319 0.351003 0.121502 0.0713291 0.516538 
-0.15581 -0.190361 2.01418 5.50938 0.162725 0.650902 0.0813627 0.0572693 
-0.293304 -0.248956 5.18413 6.27239 0.339445 0.0217303 0.0106077 2 
-0.836831 0.0823259 2.6417 1.50795 3.19894 0.099967 0.099967 1.85054 
-0.680139 -0.302399 5.9203 1.17731 0.186608 0.0890573 0.0890573 0.494056 
0.35625 0.35336 0.670169 4.57428 0.422115 0.0991772 0.0171747 2 
-0.425033 -0.290716 3.46633 1.77019 0.44951 0.120839 0.0225804 2 
-0.490041 -0.47413 4.65634 4.55522 0.376943 0.0359759 0.0359759 2 
0.755435 0.71148 0.0380019 0.670028 0.203828 0.374868 0.0603928 0.722833 
-0.29735 -0.252285 2.3395 2.77069 0.0886986 0.0262352 0.0178067 1.55117 
-0.429753 0.00851609 2.98001 6.28319 0.186407 0.364495 0.0550058 0.258245 
-0.250498 -0.554546 4.05434 1.73986 0.834462 0.255961 0.0338736 2 
-0.191291 -0.305723 1.98974 4.67408 0.0536455 0.036334 0.0178193 0.600199 
-0.132368 -0.331402 5.65859 3.98582 0.140266 0.0726755 0.0289031 0.485206 
0.594331 -0.0490835 5.77789 5.04278 0.161906 0.12736 0.079364 0.947932 
0.288904 -0.167775 4.24723 5.18507 0.136805 0.019438 0.0162791 2 
0.38453 -0.141961 3.05303 5.88599 0.271093 0.144495 0.0581257 0.415187 
0.510246 -0.0719412 3.50545 4.572 0.428954 0.103681 0.0155464 2 
-0.105601 0.211938 4.49505 6.28319 0.150003 0.0635983 0.0239828 0.832746 
0.704151 0.0270441 0.604159 4.64889 0.311353 0.0232701 0.0192184 2 
0.799628 -0.0658872 3.08846 3.42912 0.124977 0.49991 0.0624887 0.323271 
-0.780372 0.505645 3.90179 3.59767 0.213946 0.499073 0.0623841 0.0896404 
0.450333 0.586646 6.14703 2.73709 0.200847 0.260094 0.0325117 0.641581 
-0.0933082 0.117352 5.54119 2.77529 0.131677 0.0839379 0.0503055 0.315357 
0.304537 0.48645 2.89928 4.31576 0.254979 0.0780435 0.0780435 0.349339 
0.178094 -0.184099 5.8129 6.28319 0.090795 0.0253125 0.0253125 0.652396 
-0.115801 0.053589 3.27594 6.28319 0.194844 0.0656705 0.0495188 0.591805 
-0.0834142 0.0690156 4.64522 0.472534 0.145421 0.0503545 0.0173756 0.817245 
0.0241051 0.522865 4.51257 4.15959 0.40535 0.0876843 0.0126672 0.5048 
0.051289 0.231313 1.86101 2.6149 0.113952 0.0465438 0.0153907 0.871451 
-0.00376704 0.07593 4.75867 2.07315 0.0770318 0.0136189 0.0131112 1.76836 
-0.220123 0.193602 1.35344 6.28319 0.0977659 0.0329373 0.0120151 0.590342 
-0.145061 0.119308 3.66779 3.73378 0.309427 0.401533 0.0566595 0.148778 
0.331861 -0.187823 1.8794 1.8803 0.0477663 0.0238832 0.0238832 0.308128 
-0.262269 0.622709 3.06036 5.57541 0.097967 0.105029 0.0313715 0.688589 
0.605882 -0.211123 0.41847 2.96947 0.210231 0.121497 0.101604 0.55971 
0.550605 0.215295 4.64903 6.16401 0.514257 0.254653 0.254653 0.105312 
0.141744 -0.1335 2.29132 2.09066 0.178579 0.155549 0.0892893 0.158713 
-0.493207 -0.0253371 0.269206 1.34062 0.272578 0.0172688 0.0172688 2 
0.370914 -0.0621279 2.65629 3.00301 0.0889175 0.00884737 0.00843101 1.15561 
-0.666346 -0.371081 6.28319 4.87065 0.384722 0.017796 0.017796 2 
-0.229146 0.285242 5.60652 6.28319 0.124701 0.0623506 0.0623507 0.438039 
0.546028 0.157204 3.71864 5.06758 0.190704 0.0389861 0.017193 2 
0.504542 0.600591 2.56557 -6.23055e-10 0.130392 0.120539 0.0150673 1.13508 
0.242877 -0.258279 4.80358 2.71847 0.0435143 0.0342828 0.0160199 0.606233 
-0.0644611 0.299913 4.69949 5.68794 0.0923043 0.0413124 0.0383375 0.626961 
0.0516712 0.253869 4.64033 2.54282 0.272839 0.0417041 0.00852622 1.16555 
0.568763 -0.00533441 5.84699 -4.99572e-10 0.161151 0.0688234 0.0687391 1.2246 
